0 A -21.2534966642 0.222392915975 0.415037932087 0.58496288544
0 C 0.415037932087 -21.2534966642 0.415037932087 0.415037932087
0 G 0.415037932087 0.222392915975 -21.2534966642 0.58496288544
0 T 0.415037932087 0.222392915975 0.415037932087 -2.58495903826
1 A -0.281583639884 -0.10979976544 0.0828452346636 0.252770175564
1 C 0.0828452346636 -0.474228617618 0.0828452346636 0.216536312616
1 G 0.0828452346636 -0.10979976544 -0.281583639884 0.252770175564
1 T 0.0828452346636 -0.10979976544 0.0828452346636 -0.0663133099141
2 A 0.561859874794 -0.441992413692 -0.249347433744 -0.0794225085184
2 C -0.249347433744 0.369214852699 -0.249347433744 0.0367469266989
2 G -0.249347433744 -0.441992413692 0.561859874794 -0.0794225085184
2 T -0.249347433744 -0.441992413692 -0.249347433744 0.661138996754
3 A 0.996570583618 -0.774185020197 -0.581540065621 -0.411615160131
3 C -0.581540065621 0.803925546993 -0.581540065621 -0.123973987399
3 G -0.581540065621 -0.774185020197 0.996570583618 -0.411615160131
3 T -0.581540065621 -0.774185020197 -0.581540065621 1.05573893774
4 A 1.26757877433 -1.10637757414 -0.913732651511 -0.743807770864
4 C -0.913732651511 1.07493373063 -0.913732651511 -0.265767075395
4 G -0.913732651511 -1.10637757414 1.26757877433 -0.743807770864
4 T -0.913732651511 -1.10637757414 -0.913732651511 1.30680054682
5 A 1.45158795638 -1.43857006192 -1.2459251795 -1.07600033014
5 C -1.2459251795 1.25894290858 -1.2459251795 -0.389255460939
5 G -1.2459251795 -1.43857006192 1.45158795638 -1.07600033014
5 T -1.2459251795 -1.43857006192 -1.2459251795 1.47912394045
6 A 1.5826744135 -1.77076246641 -1.57811763461 -1.40819282462
6 C -1.57811763461 1.39002936308 -1.57811763461 -0.495482785122
6 G -1.57811763461 -1.77076246641 1.5826744135 -1.40819282462
6 T -1.57811763461 -1.77076246641 -1.57811763461 1.60269944752
7 A 1.67892621179 -2.10295476602 -1.91030999796 -1.74038523754
7 C -1.91030999796 1.4862811596 -1.91030999796 -0.585816267015
7 G -1.91030999796 -2.10295476602 1.67892621179 -1.74038523754
7 T -1.91030999796 -2.10295476602 -1.91030999796 1.69383253663
8 A 1.75105365943 -2.43514693362 -2.2425022458 -2.07257754778
8 C -2.2425022458 1.55840860597 -2.2425022458 -0.66183272259
8 G -2.2425022458 -2.43514693362 1.75105365943 -2.07257754778
8 T -2.2425022458 -2.43514693362 -2.2425022458 1.76233095867
9 A 1.8058827192 -2.76733893502 -2.5746943482 -2.40476972875
9 C -2.5746943482 1.61323766483 -2.5746943482 -0.725205554685
9 G -2.5746943482 -2.76733893502 1.8058827192 -2.40476972875
9 T -2.5746943482 -2.76733893502 -2.5746943482 1.8145144635
10 A 1.84799706685 -3.09953072718 -2.90688626753 -2.73696174698
10 C -2.90688626753 1.65535201181 -2.90688626753 -0.777606589387
10 G -2.90688626753 -3.09953072718 1.84799706685 -2.73696174698
10 T -2.90688626753 -3.09953072718 -2.90688626753 1.8546607964
11 A 1.880595065 -3.43172225593 -3.23907795637 -3.06915356034
11 C -3.23907795637 1.68795000945 -3.23907795637 -0.820630564846
11 G -3.23907795637 -3.43172225593 1.880595065 -3.06915356034
11 T -3.23907795637 -3.43172225593 -3.23907795637 1.88577266178
12 A 1.90597369752 -3.76391345306 -3.57126935505 -3.40134511578
12 C -3.57126935505 1.71332864157 -3.57126935505 -0.855744281913
12 G -3.57126935505 -3.76391345306 1.90597369752 -3.40134511578
12 T -3.57126935505 -3.76391345306 -3.57126935505 1.91001628496
13 A 1.92581926274 -4.09610423272 -3.90346038844 -3.73353634651
13 C -3.90346038844 1.7331742065 -3.90346038844 -0.884258231298
13 G -3.90346038844 -4.09610423272 1.92581926274 -3.73353634651
13 T -3.90346038844 -4.09610423272 -3.90346038844 1.9289874947
14 A 1.94139088896 -4.42829448681 -4.23565096195 -4.06572716846
14 C -4.23565096195 1.74874583248 -4.23565096195 -0.907316260073
14 G -4.23565096195 -4.42829448681 1.94139088896 -4.06572716846
14 T -4.23565096195 -4.42829448681 -4.23565096195 1.9438810735
15 A 1.95364120109 -4.76048407924 -4.56784095651 -4.39791747579
15 C -4.56784095651 1.76099614443 -4.56784095651 -0.925898207981
15 G -4.56784095651 -4.76048407924 1.95364120109 -4.39791747579
15 T -4.56784095651 -4.76048407924 -4.56784095651 1.95560285954
16 A 1.96329837923 -5.09267283871 -4.90003022223 -4.73010713525
16 C -4.90003022223 1.77065332243 -4.90003022223 -0.940830853323
16 G -4.90003022223 -5.09267283871 1.96329837923 -4.73010713525
16 T -4.90003022223 -5.09267283871 -4.90003022223 1.96484640635
17 A 1.97092354511 -5.42486054954 -5.23221857038 -5.06229597911
17 C -5.23221857038 1.7782784882 -5.23221857038 -0.952803414919
17 G -5.23221857038 -5.42486054954 1.97092354511 -5.06229597911
17 T -5.23221857038 -5.42486054954 -5.23221857038 1.97214684249
18 A 1.97695183926 -5.75704694023 -5.56440576341 -5.39448379617
18 C -5.56440576341 1.78430678226 -5.56440576341 -0.962384875822
18 G -5.56440576341 -5.75704694023 1.97695183926 -5.39448379617
18 T -5.56440576341 -5.75704694023 -5.56440576341 1.97791957285
19 A 1.98172239708 -6.08923166897 -5.89659150221 -5.7266703206
19 C -5.89659150221 1.78907734001 -5.89659150221 -0.970041310508
19 G -5.89659150221 -6.08923166897 1.98172239708 -5.7266703206
19 T -5.89659150221 -6.08923166897 -5.89659150221 1.98248861106
20 A 1.98550057603 -6.42141430546 -6.22877541029 -6.0588552177
20 C -6.22877541029 1.79285551891 -6.22877541029 -0.976152122811
20 G -6.22877541029 -6.42141430546 1.98550057603 -6.0588552177
20 T -6.22877541029 -6.42141430546 -6.22877541029 1.98610764311
21 A 1.98849465496 -6.753594308 -6.56095701365 -6.39103806614
21 C -6.56095701365 1.79584959779 -6.56095701365 -0.981024626946
21 G -6.56095701365 -6.753594308 1.98849465496 -6.39103806614
21 T -6.56095701365 -6.753594308 -6.56095701365 1.98897588676
22 A 1.99086851613 -7.08577099466 -6.89313571558 -6.72321833552
22 C -6.89313571558 1.79822345893 -6.89313571558 -0.984906756239
22 G -6.89313571558 -7.08577099466 1.99086851613 -6.72321833552
22 T -6.89313571558 -7.08577099466 -6.89313571558 1.99125015685
23 A 1.99275136143 -7.41794350696 -7.2253107649 -7.05539535809
23 C -7.2253107649 1.8001063042 -7.2253107649 -0.987997903008
23 G -7.2253107649 -7.41794350696 1.99275136143 -7.05539535809
23 T -7.2253107649 -7.41794350696 -7.2253107649 1.99305412233
24 A 1.99424520942 -7.75011076422 -7.55748121596 -7.38756829328
24 C -7.55748121596 1.80160015217 -7.55748121596 -0.990458016849
24 G -7.55748121596 -7.75011076422 1.99424520942 -7.38756829328
24 T -7.55748121596 -7.75011076422 -7.55748121596 1.99448545726
25 A 1.99543071371 -8.082271406 -7.88964587836 -7.7197360829
25 C -7.88964587836 1.80278565644 -7.88964587836 -0.992415148702
25 G -7.88964587836 -8.082271406 1.99543071371 -7.7197360829
25 T -7.88964587836 -8.082271406 -7.88964587836 1.99562139588
26 A 1.9963716995 -8.41442371975 -8.22180325354 -8.05189739485
26 C -8.22180325354 1.80372664222 -8.22180325354 -0.993971648082
26 G -8.22180325354 -8.41442371975 1.9963716995 -8.05189739485
26 T -8.22180325354 -8.41442371975 -8.22180325354 1.99652306704
27 A 1.99711871395 -8.74656554976 -8.55395145512 -8.38405055227
27 C -8.55395145512 1.80447365666 -8.55395145512 -0.995209217329
27 G -8.55395145512 -8.74656554976 1.99711871395 -8.38405055227
27 T -8.55395145512 -8.74656554976 -8.55395145512 1.99723888852
28 A 1.99771181309 -9.07869418243 -8.88608810854 -8.71619344431
28 C -8.88608810854 1.80506675579 -8.88608810854 -0.996193010633
28 G -8.88608810854 -9.07869418243 1.99771181309 -8.71619344431
28 T -8.88608810854 -9.07869418243 -8.88608810854 1.99780723272
29 A 1.99818275478 -9.41080620216 -9.21821022483 -9.04832341391
29 C -9.21821022483 1.80553769748 -9.21821022483 -0.996974943797
29 G -9.21821022483 -9.41080620216 1.99818275478 -9.04832341391
29 T -9.21821022483 -9.41080620216 -9.21821022483 1.99825852507
30 A 1.99855672754 -9.7428973098 -9.55031404178 -9.38043711655
30 C -9.55031404178 1.80591167023 -9.55031404178 -0.99759635755
30 G -9.55031404178 -9.7428973098 1.99855672754 -9.38043711655
30 T -9.55031404178 -9.7428973098 -9.55031404178 1.99861689875
31 A 1.9988537156 -10.0749620944 -9.8823948241 -9.71253034259
31 C -9.8823948241 1.80620865828 -9.8823948241 -0.998090154857
31 G -9.8823948241 -10.0749620944 1.9988537156 -9.71253034259
31 T -9.8823948241 -10.0749620944 -9.8823948241 1.99890150165
32 A 1.99908957803 -10.4069937463 -10.2144466121 -10.0445977937
32 C -10.2144466121 1.80644452071 -10.2144466121 -0.998482512483
32 G -10.2144466121 -10.4069937463 1.99908957803 -10.0445977937
32 T -10.2144466121 -10.4069937463 -10.2144466121 1.99912752977
33 A 1.99927690275 -10.7389836961 -10.5464619057 -10.3766328019
33 C -10.5464619057 1.80663184543 -10.5464619057 -0.998794249284
33 G -10.5464619057 -10.7389836961 1.99927690275 -10.3766328019
33 T -10.5464619057 -10.7389836961 -10.5464619057 1.99930704505
34 A 1.99942568273 -11.0709211608 -10.8784312669 -10.7086269758
34 C -10.8784312669 1.80678062541 -10.8784312669 -0.99904191864
34 G -10.8784312669 -11.0709211608 1.99942568273 -10.7086269758
34 T -10.8784312669 -11.0709211608 -10.8784312669 1.99944962319
35 A 1.99954385194 -11.4027925745 -11.2103428209 -11.0405697568
35 C -11.2103428209 1.80689879461 -11.2103428209 -0.999238679707
35 G -11.2103428209 -11.4027925745 1.99954385194 -11.0405697568
35 T -11.2103428209 -11.4027925745 -11.2103428209 1.999562867
36 A 1.99963771017 -11.7345808724 -11.5421816287 -11.3724478606
36 C -11.5421816287 1.80699265285 -11.5421816287 -0.999394991703
36 G -11.5421816287 -11.7345808724 1.99963771017 -11.3724478606
36 T -11.5421816287 -11.7345808724 -11.5421816287 1.99965281341
37 A 1.99971226007 -12.0662645933 -11.8739288999 -11.7042445768
37 C -11.8739288999 1.80706720274 -11.8739288999 -0.999519166806
37 G -11.8739288999 -12.0662645933 1.99971226007 -11.7042445768
37 T -11.8739288999 -12.0662645933 -11.8739288999 1.99972425639
38 A 1.99977147442 -12.3978167534 -12.2055610055 -12.0359388889
38 C -12.2055610055 1.80712641709 -12.2055610055 -0.999617810214
38 G -12.2055610055 -12.3978167534 1.99977147442 -12.0359388889
38 T -12.2055610055 -12.3978167534 -12.2055610055 1.99978100305
39 A 1.99981850831 -12.7292034376 -12.5370482403 -12.3675043722
39 C -12.5370482403 1.80717345098 -12.5370482403 -0.999696170265
39 G -12.5370482403 -12.7292034376 1.99981850831 -12.3675043722
39 T -12.5370482403 -12.7292034376 -12.5370482403 1.99982607693
40 A 1.99985586757 -13.0603820354 -12.8683532743 -12.6989078125
40 C -12.8683532743 1.80721081024 -12.8683532743 -0.999758416898
40 G -12.8683532743 -13.0603820354 1.99985586757 -12.6989078125
40 T -12.8683532743 -13.0603820354 -12.8683532743 1.99986187938
41 A 1.99988554239 -13.391299041 -13.1994292169 -13.0301074788
41 C -13.1994292169 1.80724048506 -13.1994292169 -0.999807863071
41 G -13.1994292169 -13.391299041 1.99988554239 -13.0301074788
41 T -13.1994292169 -13.391299041 -13.1994292169 1.99989031765
